0
2
93
94
95
96
97
98
176
506
948
1108
1238
1307
2023
5179
5383
5392
5393
5394
5395
5396
5559
5560
5561
5562
5563
5564
5567
5570
5572
5573
5574
5575
5576
5577
5578
5579
5580
6663
7265
8322
9105
9205
9207
9208
10067
10074
10201
10836
11093
11160
13655
14020
14021
14023
14091
14092
14093
14096
14125
14388
15112
15292
16294
17318
17321
17325
17329
17333
17336
17451
17454
17461
17462
17469
17474
17895
18475
18490
18491
18496
18503
18569
19762
19772
19775
19778
19782
19788
21117
21120
21127
21139
21154
21159
21614
21790
21815
21861
21862
22006
22282
22306
22325
22341
22351
22473
22479
22516
23010
23571
23984
24417
26504
26867
28803
32374
33494
33895
33922
34314
34315
34316
34317
34318
34319
34668
41158
42703
44005
44478
44479
44480
44505
44573
44574
44575
46247
46266
46359
46360
46950
47401
47556
49273
51991
52444
53661
53662
53669
53670
53672
53673
54041
54042
54043
54044
54046
54047
54048
54049
54050
54051
54052
54100
54101
54102
54103
54501
54502
54504
54505
54506
54814
54817
54819
54821
54823
54825
54826
54827
54828
54830
54831
54832
54833
55218
55221
55223
55224
55226
55228
55229
55232
55244
55247
55248
55249
55327
55339
55340
55341
55342
55343
55344
55345
55346
55347
55539
55953
55954
55964
55965
55966
55969
55972
55974
55976
55978
56034
56126
56127
56128
56129
56130
56131
56133
56134
56135
56136
56137
56218
56220
56221
56222
56223
56224
56311
56312
56374
56406
56407
56408
56410
56495
56496
56497
56499
56501
56504
56521
56522
56555
56648
56649
56651
56683
56687
56691
56693
56695
56696
56697
56821
56822
56824
56825
56826
56827
56828
56931
57090
57222
57224
57225
57226
57227
57229
57230
57231
57273
57282
57295
57322
57376
57377
57378
57380
57381
57386
57388
57389
57391
57393
57394
57568
57569
57570
57571
57572
57573
57575
57576
57603
57604
57605
57606
57607
57650
57956
57957
57958
57960
57961
58205
58206
58207
58208
58209
58210
58211
58213
58215
58216
58217
58270
58272
58273
58275
58276
58277
58278
58295
58299
58302
58305
58423
58571
58573
58579
58581
58582
58587
58591
58595
58608
58616
58621
58631
58864
59467
59475
59584
59585
59586
59590
59591
59913
60016
60017
60019
60020
60022
60026
60050
60051
60052
60053
60054
60055
60400
60427
60429
60430
60431
60434
60435
60436
60437
60438
60469
60482
60498
60505
60507
60510
60512
60518
60522
60529
60530
60531
60591
60592
60662
60715
60716
60717
60719
60721
60725
60726
60727
60728
60732
60736
60737
60740
60741
60742
60743
60751
60752
60757
60758
60759
60761
60762
60765
60767
60768
60769
60771
60773
60774
60775
60776
60778
60779
60781
60782
60783
60784
60786
60787
60788
60791
60792
60793
60794
60795
60796
60798
60799
60800
60801
60802
60805
60807
60808
60810
60811
60812
60813
60815
60816
60817
60818
60819
60820
60821
60823
60824
60825
60826
60827
60828
60829
60830
60831
60833
60834
60835
60836
60837
60838
60839
60867
60880
61004
61006
61011
61012
61013
61014
61015
61017
61018
61020
61021
61023
61024
61027
61028
61030
61031
61032
61033
61035
61036
61037
61038
61041
61042
61046
61047
61048
61050
61051
61052
61054
61075
61077
61084
61085
61087
61126
61131
61137
61138
61273
61277
61279
61282
61283
61284
61286
61287
61289
61290
61291
61293
61294
61295
61322
61331
61332
61425
61468
61602
61769
61770
61771
61772
61773
61774
61775
61810
61811
61812
61813
61815
61816
61818
61890
61891
61892
61893
61897
61898
61899
61900
61901
61903
61904
61905
61906
61907
61908
61909
61928
61943
62171
62172
62173
62176
62178
62187
62188
62190
62193
62194
62270
62271
62273
62274
62275
62282
62285
62287
62288
62320
62438
62440
62442
62443
62448
62450
62451
62453
62454
62456
62457
62460
62464
62465
62466
62467
62469
62471
62472
62473
62474
62475
62476
62477
62492
62494
62495
62497
62498
62500
62501
62657
62658
62939
62958
63050
63052
63054
63067
63069
63316
63317
63318
63319
63320
63321
63322
63343
63345
63348
63349
63351
63353
63384
63388
63389
63390
63393
63394
63396
63397
63399
63401
63402
63404
63412
63413
63417
63477
63688
63775
63776
63777
63778
63779
63780
64066
64067
64068
64069
64070
64071
64073
64074
64080
64096
64098
64099
64100
64101
64110
64111
64296
64297
64302
64303
64305
64309
64311
64405
64406
64408
64410
64411
64412
64413
64583
64584
64585
64586
64587
64588
64589
64590
64592
64595
64597
64599
64600
64602
64603
64984
64990
64991
64992
64993
64995
64996
64997
64998
64999
65000
65001
65002
65003
65004
65005
65213
65216
65221
65281
65972
65973
65974
65975
65976
65977
66334
66336
66337
66338
66339
66340
66408
66409
66413
66415
66419
66420
66421
66423
66424
66425
66426
66428
66430
66431
66436
66437
66438
66439
66440
66442
66443
66444
66446
66447
66448
66456
66459
66480
66481
66482
66485
66486
66509
66510
66511
66512
66513
66514
66515
66516
66517
66683
66684
66685
66689
66691
66701
66702
66703
66704
66705
66706
66707
66709
66710
66810
66811
66813
66815
66816
66817
66820
66822
66844
66845
66847
66848
66849
66850
66851
66852
66853
66854
66856
66857
66858
66859
66860
66861
66862
66870
66871
66873
66878
66879
66881
66882
66884
66886
66888
66889
66924
66925
66926
66927
66928
66929
66930
66931
67194
67195
67196
67197
67198
67200
67281
67425
67427
67429
67430
67432
67433
67434
67435
67924
67925
67926
67927
67928
67929
67930
67931
68030
68031
68032
68033
68035
68036
68038
68039
68040
68042
68048
68049
68050
68112
68113
68114
68116
68120
68122
68124
68135
68137
68140
68141
68143
68212
68213
68223
68247
68248
68249
68284
68334
68338
68341
68342
68346
68763
68764
68765
68766
68768
68769
69420
70177
70178
70180
70181
70208
70213
70263
70264
70266
70267
70268
70270
70272
70273
70326
70330
70415
70418
70419
70691
70694
70696
70700
70787
70788
70789
70790
70792
70793
70795
70796
70797
70989
70990
70992
71035
71037
71038
71039
71040
71041
71043
71047
71239
71241
71324
71588
71590
71591
71594
71595
71597
71598
71749
71751
71752
71754
71757
71758
71759
71765
71767
71769
71774
71775
71777
72197
72208
72228
72231
72238
72266
72315
72318
72319
72479
72480
72483
72485
72487
72597
72789
72790
72791
73357
73359
73364
73367
73411
73413
73414
73417
73419
73420
73421
73422
73426
73427
73428
73429
73430
73432
73433
73435
73436
73437
73439
73484
73490
73492
73499
73525
73526
73530
73531
73534
73535
73536
73537
73538
73982
73989
73992
74038
74040
74041
74128
74282
74441
74532
74533
74534
74535
74562
74565
74570
74681
74685
74853
75015
75018
75032
75034
75036
75037
75299
75300
75301
75302
75329
75330
75332
75333
75334
75335
75336
75337
75338
75339
75340
75341
75342
75343
75345
75346
75347
75348
75349
75351
75352
75353
75354
75355
75356
75357
75358
75359
75360
75361
75363
75365
75367
75369
75506
75637
75638
75639
75640
75641
75742
75831
75832
75834
75836
75843
75855
75878
75882
75887
75898
75902
75903
75905
75907
75942
76037
76040
76041
76043
76363
76392
76393
76395
76397
76478
76488
76489
76497
76501
76502
76509
76520
76521
77547
77548
77549
77869
77928
78294
78305
78364
78366
78368
78369
78371
78373
78375
78377
78379
78380
78381
78382
78383
78394
78395
78396
78397
78398
78399
78403
78404
78502
78504
79191
79194
79195
79198
79199
79222
79223
79319
79320
79322
79466
79468
79470
79471
79473
79518
79520
79522
79524
79614
79616
79617
79618
79619
79620
79861
79862
79863
79864
80055
80057
80058
80059
80060
80278
80279
80280
80284
80285
80286
80381
80382
80383
80386
80388
80389
80390
80393
80396
80397
80398
80399
80685
80687
80688
80690
80691
80789
80791
80792
80793
80794
80886
80887
80888
80890
80893
80995
80996
80998
81075
81077
81078
81144
81155
81161
81162
81163
81164
81165
81167
81171
81172
81175
81176
81178
81186
81190
81631
82265
82268
82271
82272
82273
82277
82279
82280
82281
82282
82283
82706
83219
83226
84155
84326
84328
84548
84550
84553
84554
84558
84559
85663
87209
87212
87215
87216
87217
87256
87257
87258
87260
87261
87312
87313
87314
87315
87317
90489
90490
90639
90751
90753
98846
101294
101303
101306
101485
101487
101488
102633
125796
125797
125799
125800
125801
125802
125804
125805
125806
125807
125809
125810
125811
125812
125813
125980
125981
125982
125983
125984
125986
125987
125988
125990
125991
125992
125993
125994
125995
125996
126049
126050
126051
126052
126053
126054
126055
126056
126058
126059
126060
126061
126062
126063
126064
126320
127092
127093
127094
127095
127096
127098
127099
127100
127101
127102
127103
127104
127105
127106
127107
127117
127124
127125
127126
127127
127128
127129
127130
127131
127132
127325
127328
127330
127331
127344
127345
127346
127347
127348
131311
131312
131313
131314
131315
131316
131317
131319
131320
131321
131322
131323
131324
131325
131326
131327
131328
131329
131331
131332
131333
131334
131335
131336
131337
132474
132475
132476
132477
132478
132480
132481
132482
132483
132484
132485
132486
132488
132490
132491
132494
132495
132496
132497
132498
132499
132500
132501
132502
132504
132635
132636
132639
132640
132641
132642
132643
132649
132653
132654
132721
132722
132723
132724
132727
132729
132730
132733
132734
132735
132736
132737
132738
132742
135615
135616
135618
135620
135623
135624
135683
135684
135686
135687
135688
135689
135690
135691
135693
135697
135699
135700
135701
135702
135703
135704
135705
135706
135707
138716
138719
138721
138723
138726
138728
138730
138731
138733
138734
138735
138737
138738
138739
138740
141145
141147
141148
141151
141158
141160
141161
141162
141163
141165
141166
141168
141169
141170
141175
145842
145844
145845
145848
145849
145852
150471
159835
159837
159838
159986
159987
159989
160988
160989
187979
187981
187982
187984
187986
187988
187989
187992
187994
187995
187997
187998
187999
188007
188008
188010
188011
188012
188013
188015
188016
188017
188018
188019
188022
188807
188808
188810
188811
188812
188813
188908
188909
189022
189050
189141
189142
189144
189145
189146
189148
189150
189151
189152
189157
189159
189160
189162
189163
189164
189166
189167
189168
189170
189171
189173
189175
189177
189178
189182
189192
189261
189476
189481
189492
189642
189653
189654
189655
189731
189733
189735
189737
189738
189739
190152
190155
190170
190172
190204
190206
190208
190210
190212
190214
190216
190219
190231
190232
190830
191022
191024
191026
191027
191030
191039
191040
191041
191042
191047
191096
191097
191098
191099
191100
191101
191104
191105
191106
191107
191108
191109
191110
191111
191112
191309
191310
191311
191312
191313
191314
191321
191350
191354
191356
191376
191378
191386
191387
191390
191432
191433
191437
191438
191475
191478
191526
191527
191529
191531
191532
191533
191551
191553
191554
191557
191558
191562
191566
191570
191592
191595
191600
195139
195140
195141
195142
195166
195195
195306
195307
195309
195313
195586
195587
195591
195698
195699
195702
195707
195713
195716
195717
195720
195723
195724
195725
195730
195731
195745
195757
196577
196579
196582
196590
197918
197919
197920
197921
197922
197923
197925
197926
197927
197928
197929
197930
197931
197932
197934
198473
198477
202905
202907
202908
202909
202910
202936
213258
215221
215222
215224
215427
215429
215430
215473
215474
215475
215476
215477
215478
215479
215480
215481
215483
215613
215614
215615
215616
215617
215618
215619
215787
215788
215789
215791
215792
215793
215794
215795
216024
216025
216026
216027
216028
216029
216030
216031
216032
216033
216034
216035
216036
216037
216038
216039
216040
216041
216042
216043
216044
216045
216046
216047
216048
238569
247446
248534
248535
248536
248537
248539
248540
248542
248543
248544
248578
248579
248580
248586
248587
248588
248590
248591
248592
248594
248595
248596
248597
248726
248728
248729
248731
248733
248735
248737
248741
248742
248743
248745
248747
248929
248972
248992
248994
248995
248997
249000
249001
249002
249004
249006
249011
249016
249017
249020
249041
249201
249209
249210
249211
249212
249214
249217
249218
249219
249220
249221
249302
249303
249306
249307
249308
249309
249310
249311
249312
249544
249545
249547
249549
249558
249559
249561
249564
249579
249581
249584
249588
249590
249592
249595
249596
249938
249939
249944
249946
249947
249950
249977
249978
249980
249985
249989
249990
249992
250587
250588
250590
250591
250593
250594
250595
250597
250599
250600
250601
250602
250603
250604
250605
250606
250607
250608
250609
250611
250612
250614
250615
250617
250618
250621
250622
250623
250624
250625
250626
250631
250634
250635
250636
250644
250645
250646
250647
250648
250651
250653
250655
250656
250657
250659
250661
250662
250663
250664
250666
250668
250670
250671
250672
250673
250674
250675
250676
250678
250679
250680
250682
250683
250684
250685
250686
250687
250688
250690
250691
250714
250716
250717
250722
250735
250736
250742
250744
250747
250748
250749
250750
250751
250753
250754
250756
250757
250758
250759
250760
250761
250763
250764
250765
250793
250875
250876
250877
250878
250879
250880
250881
250882
250899
250900
250902
250909
250911
250912
250928
250969
250970
250971
250972
250973
251124
251126
251131
251135
251139
251140
251142
251143
251144
251189
251197
251323
251324
251325
251327
251329
251330
251331
251332
251334
251335
251338
251339
251343
251344
251348
251349
251350
251352
251354
251357
251358
251359
251364
251367
251368
251369
251370
251371
251372
251373
251374
251375
251407
251419
251552
251554
251556
251557
251559
251560
251561
251562
251564
251582
251584
251586
251587
251588
251589
252019
252029
252031
252032
252034
252036
252038
252042
252048
252050
252052
252054
252056
252066
252068
252074
252075
252080
252081
252082
252084
252087
252093
252096
252098
252099
252100
252102
252104
252266
252268
252272
252276
252280
252282
252294
252295
252298
252301
253002
253003
253004
254840
254841
254843
254844
254846
254847
254848
254851
254852
254853
254855
254857
254858
254859
254861
254863
254864
254865
254866
254867
254870
254871
254872
254874
254876
254877
254880
254881
254882
254883
254884
254885
254886
254887
254888
254889
254891
254892
254893
254894
254896
254897
254899
254900
254902
254903
254904
254906
254908
254909
255256
255257
255258
255259
255260
255261
255262
255263
255264
255265
255266
255267
255268
255270
255271
255272
255273
255274
255275
255278
255280
255281
255282
255283
255284
255285
255286
255287
255288
255289
255290
255291
255292
255294
255295
255296
255297
255298
255299
255300
255301
255302
255303
255304
255305
255306
255307
255308
255309
255699
255725
255726
255728
255730
255731
255732
255735
255736
255739
255740
255741
255744
255747
255748
255749
255751
255752
255753
255754
255755
255756
255757
255758
255759
255760
255761
255763
255765
255766
255769
255770
255771
255772
255773
255775
255783
255784
255785
255786
255788
255789
255790
255791
255792
255793
255794
255795
255796
255798
255799
256126
256127
256128
256129
256130
256131
256132
256133
256134
256135
256136
256138
256139
256141
256205
256206
256207
256208
256210
256211
256243
256245
256246
256248
256249
256250
256251
256253
256254
256255
256256
256258
256259
256260
256261
256273
256274
256275
256276
256277
256278
256279
256418
256419
256422
256423
256425
256426
256427
256428
257139
257140
257141
257142
257144
257146
257147
257148
257149
257150
257151
257152
257153
257154
257155
257156
257157
257158
257159
257161
257162
257163
257164
257165
257166
257168
257169
257176
257177
257178
257179
257180
257181
257183
257184
257185
257186
257188
257190
257191
257192
257262
257263
257264
257265
257266
257269
257291
257293
257301
257303
257308
257309
257313
257316
257323
257332
257333
257335
257337
257339
257352
257356
257359
257360
257361
257363
257364
257365
257366
257368
257369
257386
257438
257441
257444
257445
257448
257449
257627
257666
257667
257670
257675
257676
257677
257687
257695
257717
257735
257736
257993
257996
257998
258000
258001
258002
258003
258004
258005
258006
258007
258008
258009
258010
258012
258015
258016
258017
258018
258019
258195
258197
258198
258201
258202
258203
258205
258206
258207
258208
258210
258211
258213
258215
258216
258295
258297
258299
258300
258302
258303
258304
258305
258306
258307
258308
258309
258311
258316
258318
261073
261074
261075
261077
261078
261080
261083
261085
261097
261100
261101
261109
261113
261115
261116
261117
261119
261125
261126
261127
261130
261132
261133
261146
261150
261152
261157
261158
261160
261165
261167
261168
261170
261176
261198
261199
261203
262036
262039
262041
262042
262044
262045
262047
262103
262105
262107
262108
262109
262110
262111
262113
263086
263088
263090
263092
263093
263096
263097
263250
263254
263256
263258
263261
265227
265228
265230
265231
265234
265236
265237
265239
265240
265241
265242
265245
265246
265247
265248
268505
268506
268507
268508
268509
268510
268511
268512
268514
268515
268516
268517
268518
268519
268520
274369
274370
274371
274376
274378
274393
281559
281560
281562
281563
281564
281567
281569
281570
281572
281574
281576
281577
281579
281580
281581
281582
281583
281586
281587
281589
281599
281600
281601
281602
281603
281604
281605
281606
281609
281610
281614
281615
281617
281618
281620
281742
281743
281746
281748
281749
281750
281752
281753
281755
281759
281760
281767
281772
281783
282681
282682
282685
282687
282688
282689
282690
282691
282693
282694
282695
282698
282702
282703
282704
282706
282708
282709
282711
282712
282714
282716
282717
282718
282719
282721
282722
282724
282726
282728
282729
282730
282731
282733
282734
282737
282738
282741
282743
282744
282745
282747
282749
282751
282756
282759
282761
282763
282765
282768
288838
288839
288840
289051
289054
289055
294694
314287
314289
314290
314292
314293
314294
314295
314298
314302
314303
314310
314311
314312
314315
314316
314317
314326
315205
315239
330807
330808
330809
330810
330811
330812
330814
330817
330818
330821
330822
330823
330825
330826
330827
330829
330830
330832
330833
330834
330835
330836
330838
330839
330858
330886
330919
330922
330923
330924
330927
330928
330929
330930
330931
330936
330937
330940
330941
330942
334171
334173
334178
334181
334186
334188
334191
334193
334194
334195
334196
334198
334200
334201
334204
334206
334207
334208
334209
334210
334211
334213
334217
334221
334222
334224
334225
334226
334227
334228
334229
334230
334233
334238
334240
334241
334244
335109
335110
335111
335112
335113
335115
335117
335118
335120
335124
335125
335126
335135
335136
335137
335139
335140
335141
335142
335144
335146
335147
335149
335151
335153
335155
335156
335158
335162
335164
335165
335167
335169
335335
335336
335337
335338
335340
335341
335343
335345
335347
335349
335351
335352
335355
335358
335360
335362
335365
335366
335368
335370
335377
335378
335381
335384
335385
335386
335389
335391
335393
335395
335396
335398
335402
335404
335406
335408
335409
335410
335412
335413
335662
335663
335664
335665
335667
335668
335673
335675
335748
335773
335778
335780
335781
335782
336237
336238
336239
336240
336242
336391
336392
336393
336398
336401
336402
336403
336405
336406
336409
336410
336411
336412
336445
336446
336447
336448
336449
336461
336462
336463
336496
336497
336499
336500
336503
336615
336616
336618
336619
336861
336862
336863
336864
336865
336866
336868
336869
336870
336871
336873
336874
336875
336876
336877
336878
336879
336880
336881
336883
336886
336888
337922
337923
337927
337929
337939
338376
338378
338380
338381
338382
338911
338912
338915
338917
338920
338921
338922
338924
338927
338928
338930
338931
338932
338933
338935
342365
342371
342372
342376
342378
342411
342412
342413
342415
342440
342582
342584
342586
342587
342590
342989
342990
342991
342992
342993
342995
342996
342997
342998
342999
347279
347282
347285
347288
347289
347292
347293
347303
347304
347305
350158
356075
356076
356083
356195
356196
356197
379257
379260
379263
379266
379268
379269
379386
379661
379663
379848
379849
379850
379851
379853
379854
379855
379856
379857
379858
379859
379860
379861
379862
379864
379865
379866
379867
379868
379870
379871
379874
379875
379876
379877
379878
379879
379880
379882
379883
379886
379889
379892
379895
379896
379900
379910
379911
379913
379914
379919
379922
390757
390759
390760
390761
390762
390763
390765
390766
390767
390768
390769
390771
390773
390775
390777
390778
390780
390782
390783
390784
390785
390786
390787
390791
393380
393382
393384
393387
393388
393389
393390
393391
393392
393393
393394
393396
393398
393399
393401
393402
393403
393404
393405
393406
393407
393408
393409
393410
393423
393424
393425
393426
393427
393428
393429
393430
393431
393471
393472
393474
397320
397323
397324
397326
397330
397332
397334
397335
397339
397340
397342
397343
397344
397345
397361
399690
399691
399692
399693
399694
399695
399697
399698
399699
399700
399701
399702
399703
399704
399705
404347
404349
404350
404352
404353
404354
404355
404356
404361
404364
407573
407646
407647
407648
407649
407652
407699
407700
407701
407703
407704
407706
407708
407710
407718
407803
407878
407880
407901
407902
408673
408674
408676
409040
409843
409844
409846
409848
409849
409850
409851
409852
410773
410774
410938
410939
410941
410942
410943
410947
411697
411698
411699
411700
411707
411710
411711
411713
411862
411863
411864
411865
411866
411867
412197
412198
412199
412200
412201
412202
412204
412205
412206
412207
412208
412209
412211
412213
412214
412215
412216
412218
412219
412220
412221
412222
412223
412224
412225
412255
412256
412257
412258
412259
412260
412365
412366
412368
412369
412370
412371
412372
412373
412374
412484
412485
412486
412487
412488
412489
412490
412491
412492
412493
412494
412495
412496
412497
412498
412499
413234
413237
413238
413240
413241
413242
413243
413257
413258
413259
413260
413262
413264
413266
413267
413269
413270
413272
413274
413275
413277
413278
413284
413289
413290
413291
413292
413293
413294
413295
413296
413297
413298
413299
413300
413301
413302
413303
413304
413305
413306
413307
413309
413310
413311
413314
413316
413317
413319
413321
413322
413323
413325
413438
413439
413440
413441
413447
413450
413451
413453
413455
413456
413457
413458
414132
414134
414136
414138
414139
414140
414141
414142
414143
414144
414145
414146
414147
414148
414149
414150
414151
414152
414153
414154
414155
414157
414160
414162
414163
414172
414173
414174
414175
414176
414177
414178
414179
414180
414181
414182
414183
414184
414185
414186
414187
414188
414189
414190
414191
414192
414193
414194
414195
414196
414324
414328
414329
414330
414331
414332
414333
414334
414335
414337
414338
414339
414340
414341
414342
414343
414344
414345
414346
414347
414348
414349
414350
414351
414352
414353
414354
414355
414356
414357
414358
414359
414360
414361
414362
414363
414364
414365
414366
414367
414368
414369
414370
414371
414372
414373
414374
414375
414376
414377
414378
414380
414385
414386
414387
414388
414390
414393
414394
414396
414397
414399
414400
414402
414403
414404
414405
414406
414407
414408
414409
414410
414412
414413
414414
414415
414457
414458
414459
414460
414461
414462
414463
414464
414465
414466
414467
414468
414469
414471
414472
414546
414547
414548
414550
414553
414554
414555
414562
414582
414602
414603
414806
414807
414808
414809
414810
414812
414814
414815
414816
414817
414819
414820
414821
414822
414823
414825
414826
414827
414828
414829
414830
414831
414832
414833
414834
415004
415005
415006
415007
415008
415009
415010
415011
415012
415014
415015
415016
415017
415018
415019
415020
415021
415022
415023
415024
415025
415026
415027
415028
415029
415182
415183
415184
415185
415186
415187
415188
415189
415190
415191
415192
415193
415209
415210
415211
415212
415213
415214
415215
415217
415218
415219
415220
415221
415222
415656
415657
415658
415659
415660
415661
415664
415665
415666
415668
415669
415670
415672
415673
415674
415681
415682
415683
415685
415686
415687
415688
415689
415690
415691
417298
417299
417300
417302
417303
417304
417306
417307
417308
417309
417310
417312
417313
417314
417315
417316
417317
417318
417319
417320
417321
417322
417323
417324
417325
417326
417327
417328
417329
417330
417332
417333
417334
417335
417336
417337
417338
417339
417340
417341
417342
417343
417344
417345
417346
417347
417348
417349
417350
417352
417353
417354
417355
417356
417357
417358
417360
417361
417363
417364
417365
417366
417367
417369
417370
417371
417372
417373
417376
417377
417378
417379
417380
417621
418793
418796
418798
418978
418981
418983
419533
419606
419608
419612
419613
419617
419621
419622
419626
419627
419628
419629
419630
419633
419636
419641
419642
419643
419645
419646
419647
419649
419651
419653
419659
419662
419692
419693
419694
419695
419697
419698
419701
419703
419704
419705
419706
419707
419709
419710
419711
419712
419713
419714
419715
419716
419717
419718
419719
419720
419721
419722
419723
419724
419725
419726
419729
419736
419740
419742
419756
419757
419758
419759
419760
419761
419763
419764
419767
419769
419772
419773
419774
419775
419776
419777
419778
419780
419782
419783
419785
419787
419789
419791
419792
419793
419795
419851
419967
420025
420026
420027
420028
420029
420041
420051
420053
420394
420395
420396
420397
420399
420400
420401
420402
420403
420404
420405
420406
420407
420408
420558
420559
420560
420561
420563
421817
424737
424739
424740
424741
424742
424751
424753
424754
424755
424756
424758
424759
424760
424767
424768
424769
424770
424771
424778
424780
424781
424782
424783
424784
424788
424789
424790
424791
425281
425542
425705
425706
425708
425709
425765
425767
425768
425769
426904
427081
427543
427544
427547
427557
427565
427567
427568
427573
427576
427577
427578
427579
427580
427638
427639
427640
427641
427643
427644
427645
427646
427647
427650
429522
429524
429526
429530
429532
429535
429537
429539
429540
429542
434090
434109
434113
434121
434129
434788
434798
434800
434802
434805
435053
435054
435093
435102
435106
435107
435119
435302
435312
435313
435314
435316
435354
435357
435362
435369
435375
435376
435727
435730
435733
435734
435740
435954
435957
435963
435965
435967
436458
436460
436462
436466
436467
436469
436654
436656
436657
436658
436659
437030
437032
437041
437049
437053
437055
437655
438484
438485
438486
438487
438491
438510
438512
438687
438689
438690
438697
438698
440207
440208
440209
440211
440214
440215
442115
442127
442128
442135
442137
442138
442140
442702
442711
442718
442734
442739
443533
443534
443535
443536
443537
443538
443540
444155
444596
445220
445222
445223
445224
445225
445404
445406
445407
445410
445414
445415
447005
447007
447008
447009
447010
447011
447539
447540
447541
447542
447543
447569
447570
447571
447572
447573
447574
447575
447576
447577
447578
447579
447580
447592
447737
447875
447897
448105
448159
448906
449638
449640
449641
449642
453333
453336
455095
455097
455098
455100
455102
455104
455105
455109
455110
455111
455112
455113
455116
455117
455118
455119
455121
455122
455124
455125
455126
455128
455129
455130
455131
455133
455134
455135
455136
455137
455162
455163
455166
455167
455169
455170
455171
455222
455228
455229
455348
455349
455350
455351
455352
455353
455354
455355
455364
455366
455367
455368
455374
455375
455377
455378
455379
455380
455381
455383
455384
455385
455386
455387
455388
455389
455390
455392
455393
455394
455395
455396
455397
455398
455454
455503
455505
455507
455508
455509
455517
455519
455521
455523
455525
455528
455529
455531
455536
455538
455539
455541
455544
455548
455550
455555
455556
455557
455586
455591
455594
455595
455597
455598
455600
455601
455602
455604
455606
455608
455609
455610
455613
455729
455731
455733
455734
455735
455737
455738
455868
455869
455870
455872
455873
455874
455876
455879
455880
455882
455884
455886
455887
455890
455891
455892
455897
455900
455901
455904
455905
455906
455909
462698
462699
462700
462701
462702
462703
462704
462705
462707
462708
462709
462710
462711
462712
462713
462714
462715
462716
462717
462718
462719
462721
462722
462724
462725
462726
462727
462729
462730
462732
462742
462744
462745
462757
462760
462761
462769
462801
465805
465808
465811
465812
465817
465820
465826
465828
465831
465832
465833
465835
465837
465844
465845
465846
465848
465851
465853
465857
465859
465861
465862
465870
465871
465872
465874
465875
465887
465889
465900
465902
465905
465974
465979
465982
465987
466880
469875
469877
469879
469883
469884
469886
469889
469903
469913
469914
469915
469916
469917
469918
469921
472271
472272
472276
472278
472280
472281
472282
472284
472287
472290
472292
472293
472294
472296
472300
476719
476720
476722
476723
476724
476845
476847
476849
476852
476853
484078
488342
488347
488351
488500
488511
488512
489748
495790
495791
495792
495793
495794
495795
495796
495799
495801
495842
495844
495845
495846
495847
495848
495849
495850
495851
495852
495999
496002
496005
496007
496011
496012
496013
496015
496017
496018
496019
496020
496021
496029
496031
496147
496148
496149
496150
496151
496153
498136
498137
498138
498139
498140
498141
498142
498183
498184
498185
498305
498307
503333
503335
503338
503343
508097
508098
508100
508102
508103
508104
508105
508107
508110
508111
508112
508113
508115
508116
508117
508118
508120
508121
508122
508123
508127
508129
508131
508133
508139
514634
514635
514636
514637
514638
514639
514641
514642
514644
514645
519708
519710
519711
519713
519714
519716
519719
519720
519721
519722
519724
519725
519726
519727
519728
519729
519730
519732
519733
519734
519735
519738
519739
519742
519752
519763
519772
519774
519782
519784
519785
519786
519788
519790
519792
519804
519806
519807
519851
521725
521729
521732
521733
521734
521736
521738
521739
521741
521742
521743
521744
521747
521750
521752
521753
521757
521759
521763
521767
521768
521781
521782
521783
521784
521792
521794
521795
521796
521798
521800
521973
521976
522024
522027
522029
522070
522071
525056
525057
525058
525059
525060
525061
525063
525064
525065
525066
525067
525069
525070
525072
525073
527879
527881
527883
527884
527885
527886
527887
527890
527891
527892
527894
527895
527896
527897
527898
527899
527900
527901
527902
527903
527904
527905
527906
527907
527909
527910
528151
528152
528153
528155
528156
528157
528158
528159
528160
528161
528162
528163
528164
528165
528166
528388
528389
528390
528391
528392
528393
528394
528396
528398
528399
528400
528401
528402
532231
532232
532234
532235
532237
532404
532405
532406
532407
532408
548752
548754
548755
548757
548758
548759
548761
548764
548765
548766
548767
548768
548769
548770
548771
548775
548776
548777
548778
548779
548780
548781
548783
548784
548785
548786
548788
548791
548792
548794
548795
548796
548797
548800
548802
548804
548805
548806
548807
548809
548810
548813
548816
548817
548819
548822
548824
548864
548865
548868
549848
549849
549850
549852
549853
549854
549855
549856
549857
549858
549859
549860
549861
549862
549864
549865
549866
549867
549868
549869
549870
549871
549872
549873
549874
549875
549876
549877
549879
549880
549881
549882
549883
549884
550265
550266
550267
550268
550270
550271
550272
550274
550279
550280
550282
550285
550286
550288
550291
550295
550297
550299
550301
550302
550305
550306
550308
550310
550311
550312
550313
550314
550316
550317
550318
550320
550322
550324
550325
550329
550331
550334
550335
550336
550571
550573
550574
550575
550578
550584
550585
550586
550587
550588
550590
550591
551105
551107
564473
564474
564475
564476
564477
564478
564479
564480
564481
564482
564483
564484
564485
564486
564487
564488
564489
564490
564491
564492
564493
564494
564495
564496
564595
570415
570416
570417
570418
570419
570429
570430
570431
570432
570433
570434
570435
570436
570437
570438
570444
570445
570446
570447
570448
570672
570673
570674
570675
570676
570678
570679
570680
570681
570682
570842
570843
570844
570845
570846
570964
570965
570966
570967
570968
571080
571082
571083
574586
574587
574588
574590
574593
574594
574597
574599
574600
574601
574602
574603
574604
574605
574606
574608
574609
574610
574611
574613
574614
574615
574616
574617
574618
574619
574620
574622
574623
574624
574626
574629
574631
574632
574634
574636
574637
574638
574640
574651
574733
574750
577088
577090
577094
577096
577097
577098
577101
577102
577106
577110
577113
577120
577122
577124
577126
577128
577130
577132
577140
577153
577154
577155
577170
577171
577172
577175
577180
577182
577185
577188
577189
577192
577193
577208
577210
577225
578703
578717
579061
579062
580646
580647
580648
580650
580652
580654
580655
580658
580660
580662
580663
580664
580665
580667
580668
581529
581532
581533
581534
581535
581536
581549
581550
581551
581552
581553
581730
581731
581732
581733
581734
582228
582229
582230
582231
582232
582234
582235
582236
582237
582238
582240
582241
582242
582243
582244
582682
582683
582686
582687
582688
582690
582691
582693
582694
582695
582696
582697
582698
582699
582702
585768
585769
585770
585771
585772
585779
585780
585781
585782
585783
585933
585934
585935
585936
585937
586005
586006
586007
586008
586009
586221
586222
586223
586224
586225
586314
586315
586316
586317
586318
586623
586624
586625
586626
586627
586772
586773
586774
586775
586776
586895
586896
586897
586898
586899
587097
587098
587099
587274
587275
587276
587277
587372
587373
587374
587375
587376
587506
587507
587508
587509
587510
587519
587520
587522
587531
587533
587652
587653
587654
587655
587656
587670
587671
587672
587674
587675
588014
588015
588016
588017
588018
588876
588877
588878
588879
588880
589438
589439
589440
589441
589587
589588
589589
589590
589591
589772
589773
589774
589775
589776
590001
590002
590003
590004
590005
590134
590136
590186
590226
590227
590228
590229
590230
590315
590316
590317
590318
590319
590476
590477
590478
590479
590480
590481
590594
590595
590596
590597
590600
590758
590759
590760
590761
590762
590763
590764
590765
590768
591337
591338
591339
591340
591341
591806
591807
591808
591809
591810
592586
592602
592603
592604
592605
592606
592607
592608
592609
592610
594215
594216
594217
594218
594219
594220
594221
594222
595175
595176
595177
595178
595179
595315
595316
595317
595318
595319
595320
595421
595422
595423
595424
595425
595426
595599
595600
595601
595602
595603
595604
595718
595719
595720
595721
595722
595723
595724
596927
596929
596930
597090
597093
597095
615440
615442
615445
615446
615447
615448
615449
615450
615451
615452
615453
615455
615456
615457
615458
615459
615461
615464
615466
615468
615471
615472
615477
615478
615479
623878
623880
623881
623884
623886
623887
623888
623889
623890
623891
623893
623894
623895
623896
623897
623898
623899
623900
623902
623904
623907
623908
623909
623910
623911
623912
623921
623936
623941
623945
623949
623950
623952
623956
623959
623961
623962
623966
623967
626871
626872
626874
626875
626876
626877
626883
626887
626888
626889
626891
626895
626896
626897
626898
626900
626902
626903
626904
626905
626906
626908
626909
626910
626911
626912
626913
626914
626916
626922
626927
626931
626932
626934
626939
626941
626943
626945
626946
626954
626955
626956
626998
1003741
1064872
1064873
1064874
1064876
1064877
1064878
1064879
1064880
1064881
1064884
1064885
1064886
1064887
1064890
1064891
1070271
1070274
1070276
1070277
1070280
1070282
1070283
1070285
1070287
1070288
1070289
1070290
1070292
1070293
1070294
1083093
1083095
1083097
1083099
1083472
1083473
1083475
1083477
1083480
1100560
1112743
1112748
1112753
1113162
1113163
1113168
1166856
1166862
1166864
1166865
1166866
1166869
1166871
1166874
1166876
1166877
1166881
1166883
1166886
1166888
1166890
1166895
1166898
1166905
1166908
1166916
1166945
1166955
1166961
1166970
1166972
1181527
1181533
1181536
1181540
1181543
1181547
1193466
1193467
1193470
1193475
1193477
1193479
1193480
1193481
1193484
1193487
1193488
1193489
1193495
1193501
1193504
1193509
1193510
1193513
1193517
1193525
1193527
1193532
1193536
1193539
1193541
1193568
1193584
1193589
1193594
1193598
1193606
1193633
1193855
1194627
1194628
1194629
1194630
1194635
1194636
1201605
1201607
1201608
1201610
1201612
1201614
1201615
1201616
1201617
1201618
1201619
1201620
1201621
1201622
1201623
1201624
1201625
1201626
1201627
1201630
1201632
1201633
1201634
1201639
1201641
1201642
1201643
1201644
1201647
1201649
1201652
1201656
1201661
1201673
1201689
1201691
1201702
1207186
1207187
1207188
1207192
1207193
1207194
1207195
1207196
1207202
1207204
1207205
1207207
1207208
1207209
1207210
1213116
1213119
1213121
1213122
1213123
1213127
1213128
1213129
1213132
1213133
1213134
1213135
1213136
1213138
1213143
1230489
1230491
1230493
1230495
1230499
1231007
1231008
1231009
1231010
1231012
1270466
1270467
1270471
1270992
1270996
1271000
1343344
1343345
1343346
1343347
1343349
1343350
1343353
1343357
1343359
1343361
1343367
1343369
1343371
1343381
1343389
1343418
1343460
1343476
1343566
1343567
1343572
1343576
1343587
1343590
1343595
1379667
1379670
1379671
1379672
1379673
1379676
1379677
1379678
1379680
1379682
1379683
1379685
1379686
1379692
1379694
1379695
1379698
1379706
1379707
1379710
1379712
1379718
1379725
1379729
1379732
1379743
1379804
1379810
1379822
1379830
1379855
1379875
1379881
1379950
1379984
1379993
1384479
1384480
1384481
1384483
1384484
1384486
1384490
1384491
1384492
1384494
1384495
1384498
1384502
1384503
1384505
1384510
1384517
1384518
1384527
1384531
1384532
1384536
1384540
1384541
1384553
1384557
1384559
1384563
1384574
1384585
1384590
1384598
1384606
1384613
1384637
1384641
1384645
1384658
1384662
1397883
1397885
1397887
1397888
1397889
1397890
1397891
1397893
1397896
1397897
1397899
1397900
1397901
1397902
1397903
1409427
1409428
1409429
1409430
1409431
1409433
1409435
1409436
1409437
1409438
1409440
1409441
1409444
1409445
1410076
1433969
1433973
1433980
1433989
1434000
1434573
1434574
1434584
1434585
1434588
1480146
1480154
1480157
1480682
1480685
1480686
1481763
1549035
1549036
1549037
1549038
1549040
1549041
1549042
1549043
1549046
1549047
1549048
1549049
1549050
1549051
1549052
1549054
1549057
1549059
1549060
1549063
1549067
1549068
1549071
1549073
1549100
1588122
1588174
1588175
1588176
1588179
1588184
1588185
1588188
1588190
1588191
1588192
1588195
1588197
1588200
1588203
1588205
1588206
1588209
1588210
1588214
1588227
1588229
1588231
1588236
1588238
1588241
1588242
1588243
1588244
1588248
1588254
1588262
1588270
1588287
1588296
1588297
1588307
1593029
1593030
1593032
1593033
1593034
1593035
1593036
1593037
1593038
1593040
1593041
1593054
1593055
1593057
1593071
1593078
1593079
1593083
1593090
1593092
1593094
1593101
1593106
1593109
1593110
1593111
1593125
1593127
1593128
1593129
1593133
1593136
1593138
1593146
1593171
1593203
1593215
1593216
1593274
1593275
1604131
1604133
1604135
1604136
1604137
1604138
1604146
1604147
1604149
1604150
1604152
1604155
1604159
1604185
1613500
1613501
1613502
1613503
1613505
1613508
1613509
1613511
1613513
1613514
1613518
1613520
1613530
1613532
1613539
1629599
1629600
1629603
1629606
1629615
1630180
1630182
1630183
1630185
1630186
1670580
1670581
1670582
1671290
1671291
1671293
1741290
1741291
1741293
1741296
1741297
1741298
1741300
1741301
1741302
1741310
1741312
1741315
1741319
1741320
1741322
1741325
1741340
1741343
1741344
1741348
1741350
1741352
1741354
1741356
1741357
1781082
1781083
1781084
1781085
1781086
1781087
1781088
1781091
1781093
1781095
1781096
1781097
1781098
1781103
1781104
1781105
1781108
1781109
1781111
1781115
1781116
1781118
1781121
1781124
1781126
1781129
1781140
1781143
1781148
1781158
1781187
1781192
1781193
1781205
1781215
1781226
1781228
1784624
1784626
1784628
1784630
1784632
1784635
1784636
1784641
1784643
1784644
1784645
1784646
1784650
1784654
1784656
1784660
1784663
1784667
1784669
1784670
1784672
1784673
1784675
1784679
1784681
1784685
1784691
1784694
1784695
1784702
1784707
1784708
1784711
1784713
1784722
1784723
1784834
1802326
1802327
1802331
1802332
1802333
1802334
1802336
1802338
1802339
1802340
1802350
1802353
1802364
1802367
1802370
1807867
1807869
1807870
1807872
1807873
1807876
1807879
1807882
1807883
1807887
1807894
1807904
1807909
1807911
1807912
1823553
1823554
1823555
1823559
1823564
1824275
1824279
1824281
1824282
1876067
1876068
1876070
1876742
1876745
1876772
1918283
1955384
1955385
1955386
1955387
1955389
1955391
1955392
1955396
1955398
1955399
1955405
1955411
1955416
1955420
1955421
1955430
1955432
1955436
1955512
1955515
1955521
1957098
1957226
1975906
1975913
1988124
1997640
1997641
1997644
1997645
1997646
1997647
1997649
1997650
1997652
1997653
1997655
1997656
1997657
1997658
1997659
1997661
1997670
1997693
1997702
1997705
1997710
1997716
1997717
1997721
1997723
1997724
1997727
1997734
1997741
1997747
1997755
1997765
1997771
1997773
1997775
1997777
1997794
1997854
1997864
2001950
2001952
2001954
2001955
2001956
2001958
2001959
2001960
2001962
2001964
2001965
2001966
2001968
2001971
2001973
2001975
2001976
2001977
2001979
2001986
2001988
2001992
2002001
2002008
2002009
2002011
2002019
2002020
2002021
2002024
2002025
2002031
2002032
2002037
2002043
2002066
2002082
2002085
2002088
2028262
2028263
2028265
2028267
2028268
2028271
2028275
2028279
2028285
2028315
2028320
2028343
2028362
2028375
2028377
2138159
2138164
2138169
2138173
2138176
2138177
2138181
2138183
2138187
2138191
2138192
2138197
2138200
2138202
2138205
2152994
2156977
2156978
2156980
2156982
2156986
2156987
2156989
2156996
2156999
2157026
2278645
2278647
2278648
2278651
2278652
2278656
2292700
2345512
2345514
2345522
2345528
2345532
2345533
2345535
2345542
2345548
2345550
2345551
2345552
2345555
2345560
2345564
2345566
2345567
2345568
2345569
2345574
2345602
2345900
2345940
2345994
2346383
2439925
2440213
2440214
2440216
2440220
2440222
2440223
2440225
2440226
2440228
2440229
2440232
2440234
2440235
2440237
2440240
2440244
2440245
2440249
2440250
2440253
2440254
2440258
2440268
2440279
2440289
2440291
2440295
2440298
2440299
2440300
2440301
2440307
2440315
2440319
2440321
2440322
2440359
2440444
2447535
2447713
2447802
2447803
2447804
2447809
2447810
2447814
2447816
2447817
2447819
2447821
2447822
2447825
2447827
2447829
2447830
2447831
2447832
2447833
2447838
2447841
2447847
2447848
2447849
2447851
2447853
2447854
2447856
2447859
2447861
2447862
2447863
2447868
2447869
2447872
2447901
2447906
2447907
2447911
2484010
2484014
2484019
2484020
2484023
2484024
2484025
2484027
2484031
2484034
2484037
2484038
2484040
2484041
2484051
2495157
2495158
2495165
2495166
2495168
2495173
2495175
2495178
2495180
2495182
2495183
2495187
2495189
2495190
2495205
2529919
2529920
2529922
2529924
2529926
2529931
2529938
2529960
2529999
2625845
2625850
2625855
2625862
2625864
2625909
2715547
2715551
2715554
2715555
2715556
2715557
2715559
2715566
2715567
2715568
2715569
2715570
2715572
2715573
2715581
2715589
2715590
2715591
2715594
2715595
2715602
2715621
2715631
2715638
2715639
2715653
2715663
2715667
2715669
2715691
2715707
2715711
2715719
2715755
2715772
2715775
2715777
2715936
2720531
2720532
2720536
2720537
2720539
2720541
2720543
2720544
2720545
2720546
2720548
2720549
2720555
2720559
2720560
2720562
2720565
2720567
2720569
2720570
2720582
2720583
2720584
2720607
2720622
2720623
2720629
2720631
2720632
2720633
2720642
2720644
2720661
2720664
2720676
2720696
2720741
2720753
2720759
2757361
2765619
2765623
2765629
2765633
2765675
2765682
2765684
2765685
2765686
2765687
2765692
2765696
2765705
2765708
2765709
2765714
2765743
2765769
2765775
2765895
2766180
2766184
2766189
2766193
2766272
2777199
2777200
2777203
2777204
2777205
2777211
2777212
2777215
2777216
2777218
2777219
2777223
2777225
2777231
2777232
2782913
2782914
2782916
2782918
2782923
2782926
2782927
2782928
2782929
2782931
2782937
2782948
2782952
2782974
2782983
2808836
2808837
2808839
2808841
2808845
2808846
2808852
2808878
2808883
2883211
2883212
2883213
2883216
2883217
2883218
2958353
2958354
2958355
2958356
2958358
2958359
2958360
2958361
2958363
2958365
2958367
2958368
2958371
2958374
2958381
2958383
2958384
2958386
2958387
2958392
2958394
2958398
2958406
2958416
2958419
2958431
2958451
2958473
2958522
2958525
2958556
2958557
2958560
2958562
2958567
2958569
2958584
2958595
2962547
2962548
2962549
2962550
2962552
2962555
2962558
2962559
2962560
2962564
2962565
2962567
2962576
2962578
2962583
2962586
2962588
2962589
2962592
2962593
2962596
2962598
2962599
2962604
2962610
2962611
2962612
2962616
2962619
2962626
2962627
2962631
2962633
2962637
2962663
2962668
2962685
2996704
3001598
3001603
3001605
3001613
3001615
3001620
3001623
3001624
3001625
3001634
3001655
3001657
3001659
3001667
3001692
3002008
3002017
3002027
3002043
3002045
3002046
3002179
3002184
3003331
3009309
3011224
3011229
3011230
3011232
3011233
3011237
3011240
3011242
3011245
3011247
3011255
3011264
3011266
3011276
3011300
3016170
3016173
3016174
3016185
3016186
3016187
3016190
3016191
3016194
3016197
3016199
3016200
3016204
3016229
3016733
3038291
3038296
3038298
3038300
3038303
3038307
3038308
3038313
3038314
3038316
3106748
3106752
3106754
3107339
3107345
3107350
3194917
3194918
3194920
3194921
3194924
3194926
3194927
3194928
3194931
3194935
3194937
3194950
3194954
3194955
3194962
3194964
3194966
3194967
3194968
3194969
3194971
3194974
3194977
3194990
3194992
3194996
3195000
3195001
3195007
3195009
3195015
3195017
3195029
3195036
3195040
3195049
3195053
3195055
3195059
3199205
3199207
3199208
3199209
3199213
3199214
3199216
3199217
3199218
3199221
3199224
3199227
3199228
3199229
3199231
3199232
3199235
3199239
3199241
3199242
3199246
3199250
3199254
3199256
3199261
3199271
3199272
3199283
3199287
3199288
3199295
3199299
3199301
3199311
3199330
3199356
3199363
3199368
3199373
3242188
3242190
3242191
3242193
3242194
3242196
3242197
3242200
3242205
3242207
3242212
3242213
3242218
3242229
3242295
3242315
3242540
3248093
3248094
3248099
3248101
3248103
3248104
3248105
3248107
3248108
3248109
3248111
3248112
3248115
3248117
3248134
3252368
3252370
3252371
3252375
3252377
3252378
3252380
3252381
3252383
3252386
3252388
3252405
3252415
3252420
3252427
3281027
3281032
3281033
3281035
3281040
3281044
3281780
3281781
3281783
3281785
3281788
3358923
3358926
3358930
3359767
3359771
3359777
3418077
3418093
3418099
3418101
3418103
3418107
3425153
3425156
3438140
3438141
3438142
3438145
3438146
3438148
3438149
3438152
3438153
3438156
3438158
3438159
3438161
3438165
3438166
3438168
3438169
3438172
3438175
3438179
3438183
3438185
3438189
3438194
3438198
3438205
3438211
3438215
3438216
3438218
3438221
3438222
3438224
3438227
3438233
3438237
3438239
3438240
3438241
3442598
3442599
3442602
3442603
3442606
3442608
3442610
3442611
3442612
3442613
3442614
3442615
3442619
3442621
3442629
3442630
3442632
3442633
3442634
3442636
3442637
3442639
3442640
3442643
3442644
3442645
3442646
3442647
3442649
3442652
3442653
3442655
3442657
3442658
3442664
3442665
3442666
3442671
3442681
3442684
3490279
3490285
3490291
3490295
3490301
3490308
3490310
3490312
3490316
3490317
3490320
3490321
3490396
3490430
3490701
3490707
3490770
3490776
3496068
3496071
3496073
3496075
3496078
3496079
3496082
3496084
3496085
3496086
3496087
3496090
3496093
3496095
3496098
3500067
3500069
3500070
3500071
3500073
3500074
3500075
3500076
3500077
3500079
3500080
3500088
3500094
3500096
3500114
3531387
3531388
3531389
3531391
3531394
3532093
3532095
3532096
3532099
3532101
3609787
3609789
3609790
3610486
3610487
3611033
3710165
3710166
3710167
3710168
3710175
3710176
3710178
3710179
3710181
3710184
3710186
3710188
3710193
3710194
3710196
3710200
3710202
3710205
3710211
3710216
3710224
3710225
3710231
3710249
3710251
3710252
3710254
3710255
3710266
3710270
3710284
3710286
3710288
3710291
3710306
3710327
3710348
3710746
3713551
3713555
3713559
3713574
3715968
3715969
3715970
3715971
3715972
3715973
3715974
3715975
3715976
3715977
3715978
3715979
3715980
3715984
3715986
3715988
3715989
3715992
3715995
3715997
3715999
3716001
3716003
3716004
3716008
3716010
3716014
3716016
3716017
3716021
3716022
3716030
3716033
3716047
3716048
3716052
3716084
3716103
3765206
3765207
3765208
3765210
3765212
3765214
3765215
3765216
3765217
3765218
3765223
3765224
3765226
3765227
3765234
3771890
3771891
3771893
3771894
3771896
3771897
3771898
3771900
3771903
3771905
3771906
3771907
3771908
3771909
3771922
3800916
3800918
3800919
3800921
3800923
3800925
3801573
3801574
3801575
3801576
3801581
